20
19 15
19 21 19 35 48 25 5 45 2 31 40 46 16 13 16 36 4 10 24 
20 1
1 1 1 1 1 1 1 1 1 1 1 1 1 1 1 1 1 1 1 1
20 20
19 36 8 35 43 34 50 16 21 2 46 8 14 10 22 50 18 42 6 3 
19 5
45 5 36 22 10 41 40 36 37 21 9 5 18 26 32 46 46 47 9 
18 6
27 0 48 28 9 44 42 23 34 37 13 29 18 7 6 28 30 37 
19 3
3 22 50 41 34 10 33 49 43 35 17 23 10 27 30 23 6 17 7 
3 1
1 2 3
17 20
29 4 0 11 15 21 25 1 38 11 3 42 49 18 45 46 44 
20 1
50 50 50 50 50 50 50 50 50 50 50 50 50 50 50 50 50 50 50 50 
3 3
5 18 49
18 10
24 45 1 4 10 30 50 37 23 49 8 6 31 15 13 31 36 44 
20 1
0 0 0 0 0 0 0 0 0 0 0 0 0 0 0 0 0 0 0 0 
18 14
7 34 37 50 50 6 18 39 27 8 5 16 8 9 0 25 7 10 
19 3
43 38 44 43 4 16 1 3 43 37 46 8 45 4 48 19 0 9 4 
10 11
1 2 3 4 5 6 7 8 9 10 
20 15
29 42 46 1 34 7 16 27 18 49 39 6 13 39 36 30 31 32 43 29 
2 1
2 2
19 20
29 1 14 31 2 43 30 38 27 9 16 33 49 34 29 37 41 29 10 
18 4
28 50 46 28 25 11 3 1 24 31 2 13 3 43 34 38 46 48 
20 1
0 0 0 0 0 0 0 0 0 0 0 0 0 0 0 0 0 0 0 2 
